Matrix U:
    0.9318    0.3319    0.3610    0.8695    0.3740    0.2313    0.3196    0.2893    0.6338    0.9186
    0.0000    0.7106   -0.0672    0.0210    0.0415    0.1991    0.0452    0.6208    0.1938   -0.1644
    0.0000    0.0000    0.9445    0.1385    0.8696    0.0078    0.0218    0.0073    0.6749    0.6575
    0.0000    0.0000    0.0000    0.4813   -0.6496    0.3116    0.5379   -0.1262   -0.5140    0.1584
    0.0000    0.0000    0.0000    0.0000   -1.0005    0.7406    0.1500    0.6228   -0.5429   -0.8642
    0.0000    0.0000    0.0000    0.0000    0.0000    0.4449    0.1724    0.4373   -0.5156   -0.1723
    0.0000    0.0000    0.0000    0.0000    0.0000    0.0000    0.2648   -0.6592    0.5113   -0.3054
    0.0000    0.0000    0.0000    0.0000    0.0000    0.0000    0.0000   -0.7054    0.4520    0.8601
    0.0000    0.0000    0.0000    0.0000    0.0000    0.0000    0.0000    0.0000    0.5603    0.3295
    0.0000    0.0000    0.0000    0.0000    0.0000    0.0000    0.0000    0.0000    0.0000    0.6434

Matrix L:
    1.0000    0.0000    0.0000    0.0000    0.0000    0.0000    0.0000    0.0000    0.0000    0.0000
    0.4156    1.0000    0.0000    0.0000    0.0000    0.0000    0.0000    0.0000    0.0000    0.0000
    0.0139    0.9387    1.0000    0.0000    0.0000    0.0000    0.0000    0.0000    0.0000    0.0000
    0.2769    0.6491    0.8098    1.0000    0.0000    0.0000    0.0000    0.0000    0.0000    0.0000
    0.8216   -0.0587    0.6343   -0.2371    1.0000    0.0000    0.0000    0.0000    0.0000    0.0000
    0.7817    0.1000   -0.2000   -0.1495   -0.3636    1.0000    0.0000    0.0000    0.0000    0.0000
    0.9853    0.7941   -0.0168    0.2144   -0.2226    0.6448    1.0000    0.0000    0.0000    0.0000
    0.6929    0.2947    0.3976   -0.4413    0.6829    0.6136   -0.1024    1.0000    0.0000    0.0000
    0.5542   -0.0562    0.1487    0.8634   -0.4351    0.0321    0.3779   -0.8618    1.0000    0.0000
    0.8835   -0.2565    0.3709   -0.0747    0.6636    0.7351    0.3131   -0.3386   -0.0343    1.0000

Permutation P:
10  3  5  4  9  8  6  1  2  7  

